LARGURA
min:  1
max:  99
media:  36.889
mediana:  36.0
ALTURA
min:  19
max:  81
media:  46.621
mediana:  46.0
PROPORCAO
media:  0.8062043868417103
mediana:  0.7777777777777778
Histograma - Alturas
0
0
0
0
0
0
0
0
0
0
0
0
0
0
0
0
0
0
0
1
0
0
0
0
1
4
1
8
6
13
19
27
19
35
42
44
43
56
59
69
66
66
94
93
90
73
96
90
82
79
77
80
69
79
49
42
32
54
40
32
31
22
27
17
18
14
9
4
5
2
3
3
6
1
3
1
0
1
1
0
0
2
0
0
0
0
0
0
0
0
0
0
0
0
0
0
0
0
0
0
Histograma - Larguras
0
1
0
0
0
0
1
1
3
10
11
10
4
16
9
7
1
8
7
8
12
11
13
22
37
24
41
42
58
69
76
79
74
100
94
83
98
82
74
87
60
87
75
50
48
53
37
29
37
28
23
31
13
24
16
17
12
11
10
8
8
8
8
4
3
2
2
3
1
2
1
2
3
3
2
2
1
0
0
0
1
0
0
0
0
0
0
0
0
1
0
0
0
0
0
0
0
0
0
1
